rst,Req_N,Req_E,Req_W,Req_S,Req_L,DCTS Grant_N,Grant_E,Grant_W,Grant_S,Grant_L,[4:0] Xbar_sel,RTS
1zzzzzz 00000000000
0zzzzzz 00000000000
0000000 00000000000
0000000 00000000000
1000001 00000000000
0000011 00000000000
1000001 00000100000
1011111 00000000000
0011101 00000000000
0000001 00000000100
0000100 00000000001
1100000 00000000000
0100000 00000000000
0000001 00000000010
1111101 00000000001
0100110 00000000000
1011100 00000100000
0111111 00000000000
1111110 00000100000
1111111 00000000000
0000000 00000000000
0000000 00000000000
1111111 00000000000
0111110 00000000000
0100010 00000100000
0000001 00001100001
0000110 00000000000
1101111 00000100000
1000101 00000000000
1100100 00000000000
0011101 00000000000
0110010 00000000100
1011111 01000000101
1111100 00000000000
1101001 00000000000
0001000 00000000000
0101101 00000001000
1100001 00100001001
0011000 00000000000
1100111 00000000100
1111111 00000000000
0000001 00000000000
1101010 00000000000
0110100 00000000000
1111110 00000000010
1000000 00000000000
1110000 00000000000
0101101 00000000000
0010001 00000000010
1110001 01000000101
1000001 00000000000
1111110 00000000000
0111110 00000000000
1000001 00000100000
1110110 00000000000
0000001 00000000000
0000101 00000000000
0000101 00000010000
0000000 00000010001
0101110 00000010001
0101100 00000010001
0000000 00000010001
0000100 00000010001
0111111 00010010001
0100110 00000010000
0111111 00010010001
0111010 00000010000
1101010 00000100001
1000001 00000000000
1110010 00000000000
1011101 00000000000
1111110 00000000000
0101111 00000000000
0000011 00000100000
0010001 00001100001
1100001 00000000100
1111110 00000000000
0000000 00000000000
1111111 00000000000
0110100 00000000000
1111110 00000000010
1000011 00000000000
0100001 00000000000
1000000 00000000010
1010011 00000000000
1000001 00000000000
0010110 00000000000
0000110 00000100000
0000001 00001100001
1000001 00000000000
1001000 00000000000
1010001 00000000000
1110011 00000000000
0010110 00000000000
1000010 00000100000
1001110 00000000000
1000000 00000000000
0000000 00000000000
1010010 00000000000
0111000 00000000000
0111101 00000000010
1000110 00000000011
1111010 00000000000
1000001 00000000000
0000000 00000000000
1000001 00000000000
0111110 00000000000
0000011 00000100000
0100101 00001100001
1110110 00000000010
0010000 00000000000
1110111 00000000100
0000111 00000000000
0110100 00000100000
1011001 10000000011
0110111 00000000000
1000001 00000100000
0011001 00000000000
0011111 00000000100
0000100 00000000101
1110101 01000000101
0101111 00000000000
0111110 00000100000
0111110 00000100001
1111110 00000100001
1111000 00000000000
0000001 00000000000
1011000 00000000000
0000001 00000000000
0101000 00000000000
0000000 00000000010
1010001 00000000001
0101011 00000000000
1000001 00000100000
1111111 00000000000
1101111 00000000000
0010000 00000000000
1111110 00000000100
1111000 00000000000
0110110 00000000000
1000111 00000100000
0111111 00000000000
1111000 00000100000
1000000 00000000000
0000111 00000000000
0001000 00000100000
1000000 00000001001
1110101 00000000000
0010000 00000000000
0111001 00000000100
1111110 00000000101
0111011 00000000000
1110110 00000100000
0110001 00000000000
0100010 00000000010
0000000 00000000011
0111101 10000000011
1000000 00000000010
1000000 00000000000
1000001 00000000000
1011001 00000000000
0111001 00000000000
0110101 00000000010
0000100 00000000011
0000101 10000000011
1000010 00000010000
1001101 00000000000
0000011 00000000000
1000001 00000100000
0001100 00000000000
1010011 00000001000
0010000 00000000000
0010100 00000000100
1111101 01000000101
0101101 00000000000
0100001 00000000010
1000000 00000000011
0111111 00000000000
1100000 00000100000
1010001 00000000000
1000100 00000000000
0100101 00000000000
0110100 00000000010
0111110 00000000011
1000000 00000000011
0010010 00000000000
0000000 00000100000
1101010 00000000001
0011001 00000000000
0111111 00000000100
1111111 01000000101
0000101 00000000000
1000001 00000010000
1110100 00000000000
0000000 00000000000
1000011 00000000000
0101010 00000000000
1011110 00000100000
0010100 00000000000
0100111 00000000100
0111010 00000010001
0101110 00000010001
1111110 00000010001
0000001 00000000000
0001001 00000000000
1001101 00000001000
0100001 00000000000
0100111 00000000010
1010111 10000000011
1101101 00000000000
0110010 00000000000
0101010 00000100000
1100000 00000100001
1111101 00000000000
0110110 00000000000
0111111 00000100000
1010000 00000100001
1010001 00000000000
1101111 00000000000
0111111 00000000000
0011110 00000100000
1100001 00001100001
0000011 00000000000
0010001 00000100000
0010001 01000000101
0011110 00000000100
1011010 00000000101
1001001 00000000000
0001111 00000000000
1000000 00000100000
1110111 00000000000
0010011 00000000000
0111110 00000100000
1001001 00001100001
0111110 00000000000
0000001 00000100000
0010110 00000000001
0101101 00000000000
0111111 00000000010
1000011 10000000011
1000010 00000000000
1000000 00000000000
0000001 00000000000
1101010 00000000000
1010100 00000000000
1111001 00000000000
1000000 00000000000
0000000 00000000000
1110010 00000000000
1111011 00000000000
0100001 00000000000
0101110 00000000010
0110110 00000000011
0100111 10000000011
0111110 00000000010
1001011 10000000011
0100010 00000000000
1011111 00000100000
0110101 00000000000
0011001 00000000010
0010100 00000000101
1000000 00000000101
1000010 00000000000
0000000 00000000000
1111111 00000000000
0111010 00000000000
0111001 00000100000
1000000 00000000011
1111111 00000000000
1111110 00000000000
1111110 00000000000
1111110 00000000000
1011110 00000000000
0000001 00000000000
0010011 00000000000
1000000 00000100000
1010111 00000000000
1111111 00000000000
1000000 00000000000
1111110 00000000000
1000001 00000000000
1000001 00000000000
1011011 00000000000
1000010 00000000000
0110011 00000000000
0110000 00000100000
0110111 10000000011
0001011 00000000010
1111101 00100001001
1001100 00000000000
0101110 00000000000
1001101 00000100000
0111111 00000000000
1010001 00000100000
1001000 00000000000
1111111 00000000000
1000101 00000000000
0000001 00000000000
1000001 00000000000
1000111 00000000000
1000001 00000000000
0111101 00000000000
1110110 00000000010
1101010 00000000000
1000001 00000000000
0000010 00000000000
1000001 00000100000
1000000 00000000000
1100100 00000000000
0101111 00000000000
1000101 00000100000
0111101 00000000000
1000001 00000000010
0100000 00000000000
1111100 00000000010
0111110 00000000000
0111110 00000100000
0000001 00001100001
0011111 00000000000
0111000 00000100000
1011011 10000000011
0110101 00000000000
0011101 00000000010
0110100 00000000101
0111100 00000000101
0000000 00000000101
0111100 00000000101
1110010 00000000101
1101001 00000000000
1000001 00000000000
0111110 00000000000
1101010 00000100000
1000001 00000000000
0100111 00000000000
0101111 00000100000
1000100 00000100001
1001001 00000000000
1111111 00000000000
0100000 00000000000
1000000 00000000010
1111100 00000000000
0000001 00000000000
1100100 00000000000
1111111 00000000000
1110000 00000000000
0010011 00000000000
1101000 00000100000
1101110 00000000000
1110110 00000000000
1001111 00000000000
0000011 00000000000
0101100 00000100000
0111011 10000000011
0111011 00000000010
1100000 00000000011
0111010 00000000000
1111110 00000100000
0111110 00000000000
0111000 00000100000
1110111 10000000011
1101100 00000000000
0000001 00000000000
1111111 00000000000
0000000 00000000000
0110100 00000000000
0001000 00000000010
0010010 00000001001
0101100 00000001001
1110000 00000001001
1111001 00000000000
0101001 00000000000
1111110 00000000010
0111101 00000000000
0111010 00000000010
0100001 10000000011
1000111 00000000010
0101000 00000000000
0111110 00000000010
1011010 00000000011
0100101 00000000000
0011111 00000000010
1101000 00000000101
0010000 00000000000
0010100 00000000100
0100100 00000000101
0000000 00000000101
1011000 00000000101
1001001 00000000000
1111111 00000000000
1000001 00000000000
1111100 00000000000
0000001 00000000000
0100101 00000000000
1111110 00000000010
1000000 00000000000
0111110 00000000000
1101111 00000100000
1111111 00000000000
0010101 00000000000
1000111 00000000100
1010001 00000000000
1111001 00000000000
0110111 00000000000
1011001 00000100000
1111111 00000000000
1111110 00000000000
0101111 00000000000
1111011 00000100000
0000001 00000000000
1101111 00000000000
1101011 00000000000
0111110 00000000000
0010011 00000100000
0000000 00000100001
0000001 00001100001
1011100 00000000000
0001001 00000000000
0110111 00000001000
1111110 00000010001
1011100 00000000000
0010001 00000000000
0110111 00000000100
0111110 00000000101
1111100 00000000101
1100101 00000000000
0101101 00000000000
0100011 00000000010
0010001 10000000011
1000010 00000000100
1000000 00000000000
0110111 00000000000
0111111 00000100000
1000000 00000100001
1000000 00000000000
1011111 00000000000
0111111 00000000000
1111100 00000100000
0011111 00000000000
1000000 00000100000
1010001 00000000000
0110100 00000000000
0000000 00000000010
1101101 00000000001
1000111 00000000000
1100000 00000000000
1011000 00000000000
0000011 00000000000
1111111 00000100000
1000100 00000000000
0001111 00000000000
0011110 00000100000
1101100 00000100001
1101110 00000000000
0101100 00000000000
0111101 00000000010
1110011 10000000011
0000010 00000000000
1000000 00000100000
0100111 00000000000
1111110 00000100000
0000001 00000000000
0100011 00000000000
0000010 00000100000
1000100 00000100001
1111111 00000000000
0101000 00000000000
0010001 00000000010
1011100 00000000101
1000000 00000000000
1000101 00000000000
0100000 00000000000
0111101 00000000010
0111001 10000000011
1100110 00000000010
1011110 00000000000
0110110 00000000000
0010110 00000100000
0111111 00001100001
0000000 00000100000
1111110 00000000001
1000001 00000000000
1100110 00000000000
0100000 00000000000
0000001 00000000010
1011011 00000000001
1000001 00000000000
1100010 00000000000
0001011 00000000000
1100100 00000100000
0010100 00000000000
0111111 00000000100
1111110 00000000101
0110110 00000000000
1000001 00000100000
1110000 00000000000
1000001 00000000000
0111110 00000000000
1001010 00000100000
0101101 00000000000
1101100 00000000010
0000001 00000000000
1100111 00000000000
1000010 00000000000
0000000 00000000000
1111000 00000000000
0001010 00000000000
0100110 00000100000
0010001 00001100001
1111110 00000000100
0000101 00000000000
1111100 00000010000
1100010 00000000000
0100010 00000000000
1010001 00000100000
1001110 00000000000
1000110 00000000000
0110010 00000000000
0111001 00000100000
0011111 10000000011
0100000 00000000100
0000000 00000000011
0001000 00000000011
0000101 10000000011
0111111 00000010000
0111011 00010010001
0100001 00000100000
1101100 00000000011
1011111 00000000000
0100001 00000000000
0001000 00000000010
0000001 00100001001
0111110 00000000000
1000010 00000100000
1001110 00000000000
0111111 00000000000
1101100 00000100000
0100001 00000000000
1011110 00000000010
0111011 00000000000
0111100 00000100000
0111111 10000000011
0000100 00000000010
1101011 00010010001
0111111 00000000000
1000000 00000100000
0000001 00000000000
0010010 00000000000
0011111 00000100000
1100001 00001100001
0000001 00000000000
0111011 00000000000
1000001 00000100000
0111111 00000000000
0111111 00000100000
1011001 00001100001
0010100 00000000000
0100110 00000000100
1111101 00010010001
0010000 00000000000
1110101 00000000100
1000001 00000000000
0111100 00000000000
1000001 00000000010
0001000 00000000000
1110100 00000001000
1000100 00000000000
1000000 00000000000
1010000 00000000000
1111010 00000000000
1111101 00000000000
1000000 00000000000
0111110 00000000000
0101000 00000100000
1000000 00000000011
0101111 00000000000
1101010 00000100000
1100101 00000000000
1111010 00000000000
0001001 00000000000
1000110 00000001000
0010100 00000000000
1010101 00000000100
0000110 00000000000
0111110 00000100000
0011010 00000100001
0001101 00001100001
0000001 00000001000
0000001 00000000001
1000110 00000000000
0101000 00000000000
0000000 00000000010
1000001 00000000001
0000010 00000000000
1111110 00000100000
1101011 00000000000
1000000 00000000000
0000001 00000000000
1000001 00000000000
0111111 00000000000
1011011 00000100000
0110101 00000000000
1000000 00000000010
0000001 00000000000
0111110 00000000000
0000111 00000100000
1000001 00001100001
1100000 00000000000
0000011 00000000000
0111111 00000100000
1101011 00001100001
1000000 00000000000
1111011 00000000000
1001101 00000000000
1111111 00000000000
0001100 00000000000
0000011 00000001000
1111110 00000100001
0101010 00000000000
1001010 00000100000
1000000 00000000000
1001011 00000000000
0010001 00000000000
0000110 00000000100
0001000 00000010001
1011101 00010010001
1111111 00000000000
0100001 00000000000
0000000 00000000010
1010110 00000000001
1110011 00000000000
0111110 00000000000
0010011 00000100000
0000000 00000100001
1000000 00000100001
0111010 00000000000
1111001 00000100000
1001110 00000000000
1010011 00000000000
1001001 00000000000
0101101 00000000000
1010001 00000000010
0111111 00000000000
1000110 00000100000
1111110 00000000000
0111110 00000000000
1101000 00000100000
0111111 00000000000
1100000 00000100000
1111010 00000000000
1010110 00000000000
1010011 00000000000
0111110 00000000000
0101101 00000100000
0000000 00000000011
1101000 00000000011
1000111 00000000000
0111111 00000000000
1000001 00000100000
0100000 00000000000
1111001 00000000010
0000001 00000000000
0011000 00000000000
1111111 00000000100
1010010 00000000000
1100011 00000000000
0000000 00000000000
1000000 00000000000
0000000 00000000000
0100010 00000000000
0101010 00000100000
1000001 00001100001
1111010 00000000000
1111111 00000000000
1010100 00000000000
0111010 00000000000
0111111 00000100000
1011110 00000100001
0111111 00000000000
1110110 00000100000
1110100 00000000000
0111100 00000000000
0000110 00000000010
1000001 00010010001
0000100 00000000000
0010000 00000010000
0111111 01000000101
0111111 00000000100
0010101 01000000101
1001101 00000000100
0000111 00000000000
1000010 00000100000
0000010 00000000000
0000001 00000100000
0001000 00000000001
1101111 00000000000
1111100 00000000000
0110111 00000000000
0101111 00000100000
0010101 00001100001
0011010 00000000100
1000000 00000000101
1111011 00000000000
1000001 00000000000
1000001 00000000000
1110011 00000000000
0110110 00000000000
0000101 00000100000
0110110 00000010001
0110010 00000010001
0101010 00000010001
0010111 00010010001
0111111 00000010000
1000001 00010010001
1111110 00000000000
0110110 00000000000
1010111 00000100000
1101011 00000000000
1001001 00000000000
1111110 00000000000
1111110 00000000000
0000001 00000000000
0000000 00000000000
0000000 00000000000
1010011 00000000000
0111110 00000000000
0000001 00000100000
0111110 00000000001
0011101 00000000000
1000001 00000000100
0011000 00000000000
1000001 00000000100
0111111 00000000000
1111111 00000100000
1011110 00000000000
1011001 00000000000
0000000 00000000000
1000001 00000000000
0111110 00000000000
0001100 00000100000
0101110 00000001001
1101101 00100001001
0010101 00000000000
0000000 00000000100
0110101 00000000001
0100111 00000000010
0001100 00000000011
0100000 00000000011
1110001 10000000011
0111101 00000000000
1000100 00000000010
1111101 00000000000
0000101 00000000000
0111111 00000010000
0111110 00000010001
0001100 00000010001
1110010 00000010001
1000001 00000000000
1011010 00000000000
0000110 00000000000
0111111 00000100000
0010000 00000100001
1000001 00001100001
1111111 00000000000
0011111 00000000000
0010011 00000100000
1010001 00001100001
1110111 00000000000
1010111 00000000000
0111110 00000000000
0000010 00000100000
1100010 00000100001
0110100 00000000000
0000001 00000000010
0010110 00000000001
0001001 00000000000
0010000 00000001000
0000011 01000000101
1000101 00000100000
1110011 00000000000
0101011 00000000000
1111111 00000100000
1010010 00000000000
1111110 00000000000
1111111 00000000000
0111100 00000000000
0010000 00000000010
1000001 01000000101
0001001 00000000000
1100000 00000001000
0011010 00000000000
1000000 00000100000
1010100 00000000000
1111111 00000000000
0010100 00000000000
1001000 00000000100
0101011 00000000000
0101111 00000100000
1001000 00000100001
0011111 00000000000
0000000 00000100000
1000001 00000000001
0011111 00000000000
1101111 00000100000
1001001 00000000000
0010010 00000000000
1000001 00000100000
1111101 00000000000
1010101 00000000000
1111110 00000000000
1100111 00000000000
1111100 00000000000
1000001 00000000000
1000000 00000000000
1000100 00000000000
1100000 00000000000
0111110 00000000000
0001101 00000100000
0111011 00100001001
0100110 00000001000
1111110 00000010001
1010001 00000000000
1111110 00000000000
1101101 00000000000
1100001 00000000000
1001011 00000000000
1000000 00000000000
0000001 00000000000
0000000 00000000000
1011111 00000000000
1011000 00000000000
1110101 00000000000
1000000 00000000000
1111001 00000000000
0000001 00000000000
0010101 00000000000
1000000 00000000100
1100010 00000000000
0111111 00000000000
0010100 00000100000
0110110 00000000101
1011110 00000000101
0110010 00000000000
0100010 00000100000
0001000 00000100001
0000011 00001100001
1111101 00000100000
1100010 00000000000
0111111 00000000000
1111110 00000100000
0101101 00000000000
0011110 00000000010
0001000 00000000101
1101110 00000000101
0111111 00000000000
0111110 00000100000
1011100 00000100001
1000001 00000000000
1011010 00000000000
1111110 00000000000
0101110 00000000000
1000000 00000100000
0100001 00000000000
1101010 00000000010
0111110 00000000000
1001010 00000100000
1111111 00000000000
0000100 00000000000
0001100 00000010000
1000100 00000010001
0101111 00000000000
1010010 00000100000
1001000 00000000000
0010111 00000000000
1010010 00000100000
1101000 00000000000
0111111 00000000000
1111111 00000100000
1101000 00000000000
0000010 00000000000
0000000 00000100000
0111010 00000000001
0111110 00000000000
1111110 00000100000
0011101 00000000000
0000001 00000000100
1100010 00000000001
1100001 00000000000
1000000 00000000000
0110101 00000000000
1111110 00000000010
1101110 00000000000
0111110 00000000000
1111110 00000100000
0110011 00000000000
1000110 00000100000
0111001 00000000000
0111111 00000000010
1111111 10000000011
0111001 00000000000
0000111 00000000010
1011110 00000010001
0111111 00000000000
0111111 00000100000
0111011 00001100001
1110110 00000100000
1010011 00000000000
1111110 00000000000
1100111 00000000000
1010000 00000000000
0110101 00000000000
0111101 00000000010
1111011 10000000011
0111110 00000000000
1010000 00000100000
1111111 00000000000
1101111 00000000000
0111011 00000000000
0111100 00000100000
1101101 10000000011
1110000 00000000000
0001011 00000000000
0111111 00000100000
1110001 00001100001
1110110 00000000000
1001100 00000000000
1000001 00000000000
1000000 00000000000
1110111 00000000000
1011000 00000000000
0101110 00000000000
0110110 00000100000
1110011 00001100001
0110001 00000000000
0001011 00000000010
1000000 00000001001
1111011 00000000000
1100111 00000000000
1100110 00000000000
1110101 00000000000
1111111 00000000000
0001101 00000000000
0111110 00000001000
0011101 00100001001
1000001 00000001000
1111110 00000000000
1000110 00000000000
0000001 00000000000
1000001 00000000000
0001000 00000000000
0111110 00000001000
1000011 00100001001
0100111 00000000000
0000001 00000100000
0010001 00000000001
1110010 00000000100
0001001 00000000000
0000100 00000001000
0111110 00000010001
1011010 00000010001
1111111 00000000000
1000100 00000000000
1000000 00000000000
1010000 00000000000
1111111 00000000000
0011000 00000000000
1011100 00000000100
1000001 00000000000
1011010 00000000000
1000101 00000000000
1011101 00000000000
1001011 00000000000
0000000 00000000000
1000000 00000000000
1000001 00000000000
0110101 00000000000
0101100 00000000010
0001011 10000000011
0110100 00000001000
1101010 00000010001
0011001 00000000000
0000000 00000000100
1001100 00000000001
1100010 00000000000
1000000 00000000000
1110000 00000000000
0110111 00000000000
0000000 00000100000
1100001 00000000001
0000000 00000000000
0111101 00000000000
0000001 00000000010
0111111 00000000001
0101000 00000100000
0000010 00000000011
0011010 00000000011
0101001 10000000011
0000000 00000000010
1110111 00000000001
0000001 00000000000
0101001 00000000000
1000001 00000000010
0011111 00000000000
1000100 00000100000
0001000 00000000000
0011100 00000001000
1000001 00100001001
1010110 00000000000
1000001 00000000000
0110000 00000000000
0000001 00000000010
0111100 00000000001
1011011 00000000000
1111110 00000000000
0101110 00000000000
0001111 00000100000
0011011 00001100001
1111110 00000100000
0111010 00000000000
1101000 00000100000
1000100 00000000000
1001011 00000000000
1101111 00000000000
1111110 00000000000
1110111 00000000000
0111100 00000000000
1101110 00000000010
1110100 00000000000
1101111 00000000000
0111110 00000000000
0000100 00000100000
0111111 00010010001
1111111 00000010000
1010101 00000000000
0111011 00000000000
0001110 00000100000
