0000000000000000000000000000000000000000000000000000000000000000000000000000000000000000000000000000000
0000000000000000000000000000000000000000000000000000000000000000000000000000000000000000000000000000000
1101000000000000000000000000000001001100110110000001010000111001010000011110111010001010000011101100111
0000000000000000000000000000000000001101110100001101110111100000001110100000010110010110011000000001111
1001000000000000000000000000000000001110011001011001000111100100001011100001100100111110011111110010100
0001000000000000000000000000000000001100011000011101000011011000100110100110000100110101111011001111001
0010000000000000000000000000000000000100111001011110001111010000011011001000010011110000011100001110010
1001000000000000000000000000000001001101011100001011110101100101010010010001001110001011100011100101111
0011000000000000000000000000000011001000010000001001100000111000101100011010011111111010111011111110000
0111000000000000000000000000000011001101001010011010101111111001101111110000110110110010010000010110111
1100000000000000000000000000000010001001001100011110110000100001011010110100011010100100010010101011001
1000000000000000000000000000000001000001100111001110110010110101101010001101000011000101010100100011110
0001000000000000000000000000000010000000111001000110010111110100101101011001011101101100001001100001100
1100000000000000000000000000000000001011100110000110110001010010010011000111111011000101111010110001101
0000000000000000000000000000000000000101000000110111010011100010010001010000101100101000010111101000000
0111000000000000000000000000000010001001101111011000000100111100111010010011010000011001001101010001100
0100000000000000000000000000000001001111101101011101100010010000010000011111111001111010100001100011010
0000000000000000000000000000000011001001101111010010011110011101101001111011011010010111100101001111111
1001000000000000000000000000000001001111101110000101010111100011010001010011011001101000000110110001011
1001000000000000000000000000000001001110011010001000011100001111001111001001111010111101010100101111010
1101000000000000000000000000000001001100000101000101110010010100111110000010010111111101010100100101110
1010000000000000000000000000000000000000100000001001101010001001010000111010001000111001011001010111011
1001000000000000000000000000000000000000011110111000010011011010001001011001100101011010110001000011111
0111000000000000000000000000000010001001001111101100100010010001010101100001111010010000000000001001010
0011000000000000000000000000000000000001100111100111110010110010101101010010111010010111110011010010111
1010000000000000000000000000000011001001111011011000011110010000011110001111101111000010100000110111111
1011000000000000000000000000000000000010010111001010110001010100000110000100100110101001110101100111010
1111000000000000000000000000000010001011101011001110101000111011111110000001011101100000000101000010101
1110000000000000000000000000000001001101111101001101010110001001101100110110010001001110011000110110110
0001000000000000000000000000000010001101010100010110010010000101111110010110100100111101001001011001011
0100000000000000000000000000000000000110111100000110100000110011010011100111111101001101100011000111011
0111000000000000000000000000000010001011110001011101000010011000101100110111100110101001010010001011000
0101000000000000000000000000000011001101001100001100001100110110010111101111001100101101101010000001111
0111000000000000000000000000000001000011010111100001100111001100000011010100100100111110110110011110000
1100000000000000000000000000000011000110100110101110110111101101100101011001001010000011011000111100100
1001000000000000000000000000000011001001000100110010100111101011010111000110100100001101000001100011100
0011000000000000000000000000000011000010110111110101010101100110101001100100011100101001110001000000110
0111000000000000000000000000000001000101100100011011010100000100100011111010100000100011100011111011001
0001000000000000000000000000000001000100011101111110011101010101010000100001111000110100100101101000101
1111000000000000000000000000000000001110000010001101101001011000111110100111101000001100000001111110010
0100000000000000000000000000000010000100000111001101101110011010000101101000101110010011011011000100100
1010000000000000000000000000000000000000100011101010010010010010100010001000000001010111101011000111001
1011000000000000000000000000000001001100101110010111000101000001110000001010100110110101000110101011000
1110000000000000000000000000000001000001111000001001111111010010111100100000000100001111100100111010111
1100000000000000000000000000000000000011001010000000000011110101101110110001111101010101001111110101101
0001000000000000000000000000000010000010000010000010101110110000000100000001001110010001010100000100000
1111000000000000000000000000000010000010111110010001100000111011111000111111101000001000111011110010000
0100000000000000000000000000000011001101011001110000111010011011011011010001100001110011111110100110101
1000000000000000000000000000000010001100100011111101001111000101111001110111000011100010111110010101110
0101000000000000000000000000000011001001000110001010100011010110110000000000010111000001110101001100011
1011000000000000000000000000000000000001111000100110010000011110111000100100010001100111100010010011111
1011000000000000000000000000000000000110011101011010100011101101100011010100100101000111111101111111000
1001000000000000000000000000000001000000001110010001101111000110010101101110011001101110101010110000011
0010000000000000000000000000000010001110100010001111110011011011101110101111111001110100000001010101101
0011000000000000000000000000000001001011110000011011001011010110001011101110100000000111101100100100101
1011000000000000000000000000000000000000100011111101001101101110000001000010101110011110001001010100110
1111000000000000000000000000000000000101011111100101111001011101011010000110000000100100110111000111000
0001000000000000000000000000000001001101101100110101101001011011100110111100110111101001111001011000010
1100000000000000000000000000000011000111100001010110011100010001010111101101110100101110100011011101010
1110000000000000000000000000000011000011011100110001100000011110111100101101001111001001100111000010001
0000000000000000000000000000000011000000000000100011000011001000000000101010110010000100110111001101101
0010000000000000000000000000000001000101010001000000101000011100100100010001111101000101010000101101100
0011000000000000000000000000000010001011110010100101101111001100110101011001110101001101110001101100110
1010000000000000000000000000000000000010001010111000000111101110011100010000000110110110110111101100111
0011000000000000000000000000000001000101101010000011100011110100110011000011110010101100001000101000000
0010000000000000000000000000000000001010001101100011111100110010010010101110110110001101000011101111110
1101000000000000000000000000000000001101111001111011100010101110000000000001010001011001000000010110001
1101000000000000000000000000000011000001111000001110110010110001111100001000000000100000101101001000100
0011000000000000000000000000000001000001001010010101011111111011110100010101011111111111011110111010111
1010000000000000000000000000000000000101000001110001000101000001111001010111000011110110110111011100101
0111000000000000000000000000000001000101010000111010000111101010001110100000111111111010011000000111110
1110000000000000000000000000000001001010001100000011011111011100110001010110111110000110100100110001001
1100000000000000000000000000000000001001010101001000100010111011011100101110010111100110101110101100010
1100000000000000000000000000000000000000011101110110101010101000001111111111000101111010100111111101100
0011000000000000000000000000000010001110100000100100101001001010010111000001001100111011111011101110100
0111000000000000000000000000000000001110110001010000010110010101111001001010010110001010011011010101001
1010000000000000000000000000000000001110100010000011011001101011010010000100000110110001000101001111010
1010000000000000000000000000000000000011111110110101011000100110001100011111001110011011111110000010010
0110000000000000000000000000000010001001100001010111010100101101110100110000101100011111001111010001011
0001000000000000000000000000000011000111111010111101011000011101110101111110011101010110011111011101000
0001000000000000000000000000000011000111001100111000101110110111010110100100010100110100001001101001010
1001000000000000000000000000000000001101011010001000000000111010110010100101011110011100010111001010111
1111000000000000000000000000000011000111101101010011011001111110000111000111001101100010000100010010101
1100000000000000000000000000000001000000101010110110100011111001110001001100101011110111111001011100011
1101000000000000000000000000000001000000000001101010111001010101000001001100101000000101101110100001011
1010000000000000000000000000000010000011010001101011001000111011010001010110011001110101000000010000000
1111000000000000000000000000000010001110100001010010010010110010011100010111001011100001001111010001111
0100000000000000000000000000000001000001101111110010110111110011101101100011000100000111110101000100011
1011000000000000000000000000000010000101000111010101111110010011100001011010110100101011010010100011111
0010000000000000000000000000000011000101110001101010000011010101011101100111101010001100111001011010110
1010000000000000000000000000000011000001101100001111110101011010100100011111110111111101001101000001101
0011000000000000000000000000000001000011100000001010111001001100101000011100010101000100001101001010110
1110000000000000000000000000000010001000001000011100100111111100101100110001101110100110001110100111001
0111000000000000000000000000000000001101011000101111010101100010101010011110100101000101001001011110001
0001000000000000000000000000000011001001000111001101011010110010100100101001100101011101000100101101100
0000000000000000000000000000000001000110011100001100110000000000101001111001000010100111101000011110000
1010000000000000000000000000000001001101011010111000111101010010110110111100110110010111101101010000001
0110000000000000000000000000000010001001111001101110001100010000001001001011001001111000101101110111000
1110000000000000000000000000000001001111000011001010110101010000011000001000111101000111111100000100111
0100000000000000000000000000000000000000111110101001011101010101101111000111101000010010101001001110111
1101000000000000000000000000000000001011111110000101110110111111011101000001011101011001111111101000000
0000000000000000000000000000000001000100110000110101100000001010101111101011010000111000110100010011110
0000000000000000000000000000000010001001101000001110111100101010011100100011110001100010001100101001100
0010000000000000000000000000000001001010101101101101001101011100111110101011101011011001011110110111110
0111000000000000000000000000000011001101010100101111010001110111000001010001101100100000100000100100110
1101000000000000000000000000000001000101101100011110110101100111000011111001111000100011001111000010000
0110000000000000000000000000000011001010111011011000111000010101100011001111000110100011001001010100001
1011000000000000000000000000000001001011111010110111111011011011111001010111010100100001101111110101110
0010000000000000000000000000000000001111011000100100101111011100010011111000010001110110100111100110011
1110000000000000000000000000000000000110110111111110010100100010110111100111110000011111111011100011100
0101000000000000000000000000000001001111101110100001000010100100100011110111101010110000011110011001101
1100000000000000000000000000000010000001000010010011000000100110110111101011110100011111011111001100010
1001000000000000000000000000000001000011001101101101000001000101101000000010010111100100010111100000111
0100000000000000000000000000000001000100101010001110111011000001010111010010111100101001110110000100010
0010000000000000000000000000000001001000110111001101110101111100100010000101111100110010010101001101001
0101000000000000000000000000000000001101110111011110001110010010000111100000101101010010111101101000111
1100000000000000000000000000000001000000111101001110100101111101110111000101100011000111100010000000101
0001000000000000000000000000000011001110001011101101000000110100111100010100111110000111011011000000000
0001000000000000000000000000000000000011000010110001000011100001101100101001011111101101011110110110110
1110000000000000000000000000000000001011011100110101001000001100011011001100101111010001010000100100100
0000000000000000000000000000000000000110110001110111000110011110100110010100001111011001100111010001110
1000000000000000000000000000000000001010110010110011001001100111010001001110111000010101011010101011010
0111000000000000000000000000000010001010111011100111010001000101100000110100011010100000001001010000001
0000000000000000000000000000000001000001101100101110010010100101001101111001001000001010011011101001010
0001000000000000000000000000000010000000001001001001000000001110010001111111100101101001111011011001110
1010000000000000000000000000000001001000100101101110100101000110100100011110101001011001000001101101101
0010000000000000000000000000000011001011101000011100101100110010000100000101100001001001111000011010010
1110000000000000000000000000000011001001101000100110110111000010110100100011111101011111100111011111101
1001000000000000000000000000000000000000000000110000101011111110100011010000001101000001111111101000111
1100000000000000000000000000000000001101100111101101010001110000000000010000011101010001110010001100001
0010000000000000000000000000000000001010011100000010000011001110101111110100100011001001111111010101011
0001000000000000000000000000000001001100000110001110001000101101101111100000101010001101001011110100100
1010000000000000000000000000000010000100010111001010100010000110100111000000010011010010100001001111101
1000000000000000000000000000000010000011000011100011111000011110111001101001000011000111100100001001011
1010000000000000000000000000000011000011011110111001001000001100000010010111000010010011100111011011110
1010000000000000000000000000000010000111001000110001110110011110011111100111011110010100111001100001000
0101000000000000000000000000000000001100011100100010010000001000111111001111010110010100110001000011110
1010000000000000000000000000000000000100011000101100100110001000110111100100010110110101001010111100011
1011000000000000000000000000000000001101010111100111000010010100101010010010101100010111001010100100010
0001000000000000000000000000000011001000010000011001001001111110111001110100001110111011111100110111101
1010000000000000000000000000000011001110011000101101001001010001101100001001111010010101001101001111000
0000000000000000000000000000000011000000111010001110101101110001100001110010110100110110011011000101101
1011000000000000000000000000000011000101110001000011011101111110111110011010101010110110110110001101000
1110000000000000000000000000000010001001111010011000110010100001001001100111011010001001111010001010010
0100000000000000000000000000000010001100100000011001101111110101010000000110100110011011111000000001101
0110000000000000000000000000000001000011110001100111101001110110110111110111110100011110010101101011011
0101000000000000000000000000000000000011110010010110111110011001010001101110011011010111100100111110111
1011000000000000000000000000000000001111100101010011000010100011110100001001101100000001110100100010101
1010000000000000000000000000000010001010111011000000110011111101011011111011100110110011001001000001111
1110000000000000000000000000000000000011000110011010011011110110111001001100000101110110111110000000101
1110000000000000000000000000000011000100000111111101100001001011001110110101110110010001100010001001111
1100000000000000000000000000000000000101011010001101011111100000110001111000111000111110011110100100110
0000000000000000000000000000000000000000011000001010111100000100010111100001011101101110101011011110111
1100000000000000000000000000000011000100001110101110001101001001011110111010011001101011010001001001110
1100000000000000000000000000000011000100011011101000111001000010101010111000100100010010011111001101001
0010000000000000000000000000000011000010101100010000001110100000010001100100111000100001001010100101001
0001000000000000000000000000000001000110000100000000110111110100100000101010010000111011011101111011001
0010000000000000000000000000000001000011010000010010010000111101000010001011111000100000100111001111010
1111000000000000000000000000000011001111101101110100111110001010001010011000101101101000001000010011100
0101000000000000000000000000000000001111010101010101011100111100001111001101111010101101101000100011001
1010000000000000000000000000000011001110110000100101010101000010000110101010000011101010101000001000000
1110000000000000000000000000000000000001001010000101010001011110101001001110100100011011010100001101100
1101000000000000000000000000000001000110101010101110010100101111001101010001010101110001101001010111111
1100000000000000000000000000000010001010001111101101101100110100001000110100010000001011010011101100001
0001000000000000000000000000000000001101001010001011011110100111011001101011110001101111111110000111001
1001000000000000000000000000000000001010000011010101110101010101101011110010010101101111010101010001001
1100000000000000000000000000000010000111000111010010011110011011101011111101101100010101001111001011100
1000000000000000000000000000000010001110010101001010100010000110011110001010000101100010011011100111101
1111000000000000000000000000000010000110000110101111001111011010010011000100101010010111000011111011011
0001000000000000000000000000000010000111011001111001010001111100100100110101110100000001110001010111100
1111000000000000000000000000000010001001111100001111101101011111001101000001010101001011000000010010010
0100000000000000000000000000000010000001010101011101111111101100000000001110110111111101100111010001111
1011000000000000000000000000000000001101001110110010000011111011100111100110101010111100011101001010011
0111000000000000000000000000000001001101011101010101111011010011000010011001111100110001000011100011000
1111000000000000000000000000000010000101000101101010111001011101100011011001011011110100111011011110011
1011000000000000000000000000000011000001110010011001101101000100110100000111100101111000100111000100010
1101000000000000000000000000000010000010001101101001100101011100000111001100100110111010010101110100011
1101000000000000000000000000000010001000001010001010111001110110000010110001101011011100111001101010010
0000000000000000000000000000000001000101010101111110101111110000111001101100100001110111110100010110001
1010000000000000000000000000000000000100000001000111111100010010010100101101010010001000001011110111111
0000000000000000000000000000000001000100000101110100101000001000001000111101000011011100001100001010010
0101000000000000000000000000000010000011000101101100011111001111011010111011010101001101001010001110100
1111000000000000000000000000000001001100010011101110001001001010011111001101110010011101010010000100011
1011000000000000000000000000000010000011010100111111011010011111010001100010001011100011011010010011110
1010000000000000000000000000000011000001010100011011100010110101000000010101111100010011001010000111010
1111000000000000000000000000000011001011100011011110010000010000110001101011010001000110010010110100110
1111000000000000000000000000000000000001110110111101011010100101110100010110101001001010110100000100000
1111000000000000000000000000000011000110001001010100010101011111101011111001111101010111001010001001110
1100000000000000000000000000000011001000011111111001110001110010101101110110000010010101000000010111100
1110000000000000000000000000000010000000010011000111101110001110001001001110110100110111011100011111010
1001000000000000000000000000000010000001001000100110001100101000110101110110101011110110110100001100100
0011000000000000000000000000000001000000110110000011101011010110110100001011100000111101101110001011011
1001000000000000000000000000000000000001010010001010110000111111011100011110010011000101101110110110100
0010000000000000000000000000000000001010000011011011110111101011011100001100010110100100000011110110010
0010000000000000000000000000000011001001010111011101001010010111100000100001010110010010111110111000110
1110000000000000000000000000000000000111110111001000100111000011111000101001011101001100010100001001111
0110000000000000000000000000000000001000101110000010001110111101011110011110100101000111110111011101000
0000000000000000000000000000000000001110001001000111010110010110111101000100011111010001000001011001110
1001000000000000000000000000000000000010110111000001110111011001101110011110101000101101001000011101011
0100000000000000000000000000000011001111111100011001101010011101110101100101101010111100001001111110010
1001000000000000000000000000000010001110100000101001101011011000110100110111110000110100000000110111001
1001000000000000000000000000000010001110110111011101011111100011101010100001111001010111010110111101001
0000000000000000000000000000000000000111111001001111101010101111001000110011000100011000101010101111100
0101000000000000000000000000000000001111110110100111010010101111111000001011100101110001111011011001101
0001000000000000000000000000000000001011000101101111110111110001100111010100110011110100100010111001101
0100000000000000000000000000000011001100111111100000100000100101011011011010101001010000000111001010001
1101000000000000000000000000000001001101011111001010010111000011110110100101001011011000001100110100000
1011000000000000000000000000000001000110100111000111100110101111101100101111000001100000100100110110011
1010000000000000000000000000000011001100000101101111001011110110110101010101100011001000001100001001101
0101000000000000000000000000000001000100010001011110011100010001001000100100111001111001100101101011111
0010000000000000000000000000000000001100010010100110010011010010001111101000101111111111100001101111101
0111000000000000000000000000000010001011011001010011101111000111110001000111111001001011011101000100010
1101000000000000000000000000000011000001111010011101000101001010011101000100000011100001100110101101110
0101000000000000000000000000000010000011101111101100000011001111101010000001100110010101000100011011001
0111000000000000000000000000000001000101000111010111010000010001011000111000111111010000010100101101111
1111000000000000000000000000000000000000000001111000000010101001011011110010001001101100100010011011110
1111000000000000000000000000000010000101111001011011011100100000010111011101110000001100010111111000011
0010000000000000000000000000000011000001101001011101010111110000010101011011110001010100101111011111111
1000000000000000000000000000000000000101101011011111100111111001111111000010110001101010000101011010110
1011000000000000000000000000000000000110011010100110111000010010100111110111011101010000001000101010001
1100000000000000000000000000000011001110100100101111100111011111011011111100000110101110111010010010001
0110000000000000000000000000000000001101100010110110000000111101001000101000101011000101011111110110011
1000000000000000000000000000000001001101000101110110111100110010100100100101001100001010101011000001111
0000000000000000000000000000000010000110011110100100101000000000011001100000011011000110001000010001011
0101000000000000000000000000000010001010101000100011001001111110101000101010101001111010001011111001001
1111000000000000000000000000000001000001011101111101000100001111111101111000010000011010001011111100110
1010000000000000000000000000000000000001110000111101010101010010100110011000000100111111111010100101101
1001000000000000000000000000000001001001111101100110111101111101101000110110111001011111011100100011001
0110000000000000000000000000000001000110000010000000010011010011010011110010000100100001100001000101011
1110000000000000000000000000000011001010100000010101001100101111101011001001001010000010011001110100110
0101000000000000000000000000000001000010010100000100100100110000011100011100110000111110110011101001001
1111000000000000000000000000000001001110101100100101011110000100100000000100100101001000100111011011100
0110000000000000000000000000000010001000001011000100110000111100001110110011110111001001110011100111000
0111000000000000000000000000000000000110000011000111001110100010100010110011100111000000101110111110000
0000000000000000000000000000000000000111111010110111010101101010010011110111100010010011001101010100100
0101000000000000000000000000000000000101000000111101010111011101000001111101100100100010100100011001000
