rst,Req_N,Req_E,Req_W,Req_S,Req_L,DCTS Grant_N,Grant_E,Grant_W,Grant_S,Grant_L,[4:0] Xbar_sel,RTS
1zzzzzz 00000000000
0zzzzzz 00000000000
0000000 00000000000
0000000 00000000000
1000101 00000000000
1011110 00000000000
1110100 00000000000
1000000 00000000000
1111111 00000000000
1101111 00000000000
0011000 00000000000
0111110 00000000100
1000000 00000000101
0100101 00000000000
0110110 00000000010
0111111 10000000011
1110110 00000000010
1110011 00000000000
1100001 00000000000
1000001 00000000000
1101001 00000000000
1011110 00000000000
1001000 00000000000
0000101 00000000000
0000111 00000010000
1110111 00010010001
0101110 00000000000
1111111 00000100000
1000000 00000000000
1111000 00000000000
0001000 00000000000
0000001 00000001000
0011011 00000000001
0010101 00000100000
0101111 01000000101
0101010 00000001000
1101111 00100001001
1101000 00000000000
1111101 00000000000
1101110 00000000000
1000010 00000000000
0111110 00000000000
1011000 00000100000
