1zzzzzz
0zzzzzz
0000000
0000000
1001010
1001101
0111111
1011111
1110100
1011110
0001101
0110000
0000100
1110110
0010000
0000111
0010111
1000000
1101001
1000001
1111011
0111111
1011110
1101101
1111111
1001110
0000001
1001110
0110111
1011101
1000000
1011010
1000100
1000001
0100110
0000001
1111111
0100001
1011101
0111011
1111111
1000001
0101110
0011111
0111110
1001101
0010110
0110111
1000101
1110100
1100000
1000001
0101110
1000000
0001001
1101001
0000000
0000100
1111110
0111111
0111011
1000000
0101111
0000000
1111111
1011100
0110000
0111111
1111110
1001001
1100100
1111000
0111010
1101111
0111010
1000000
1111110
1001000
1011111
1100100
0000011
0000011
1110000
0101011
1111111
0100110
0110010
0000000
1000000
0011011
1000000
1111011
1000000
1010001
0000111
0000101
0001111
0110000
1111110
0001101
1000000
0000110
1001001
0000000
1011110
0000000
1010100
0101110
0000000
0000001
1001000
1110000
1010010
1111110
1111110
0000110
0101010
0001101
1010111
1000001
0010110
0000100
1010001
0000000
1010000
0000000
0011000
0000101
0100100
0010101
0111110
1101110
1111010
1000010
0000000
1100100
1110111
1000100
0101111
0010100
1001010
0101110
0011001
1001101
1011101
1000000
0000000
0000000
0000000
0101001
0010000
0000100
1101000
0111010
0111101
0000001
1111111
0011100
1110110
1110110
1111111
1111011
0110110
0100111
0111110
1111101
0000001
0010111
1001110
1011001
0100000
1101010
1111110
0111111
0110110
1010100
1111110
0011111
0001110
1001111
0110100
1111111
1111110
0101101
0100001
0111111
0011111
1111111
0111111
0001001
1000000
1100101
1100001
0100000
1010101
1000000
0000001
0111101
0001010
1001001
0101110
1110000
1000110
0100011
0000000
1111111
1000000
0111111
1000000
0111111
0111111
0010001
0000000
1111111
1000000
0100101
1110011
0100001
0110111
0111110
1111111
0000000
0110110
1100000
1011001
1100011
1001100
0000000
1000000
0000011
0000100
1000001
1101100
1000111
0111110
0000001
0111100
1111000
0101110
0000100
1110101
